Wpływ rozmiaru warstwy ukrytej na metryki modelu mlp na zbiorze mnist
---------------------------------------------------------------------
Tabela (oryginalna kolejność):
hidden | train_loss | val_loss | val_acc | val_acc_%
----------------------------------------------------
20     | 0.089359   | 0.136123 | 0.9633  | 96.33%   
50     | 0.026360   | 0.085119 | 0.9762  | 97.62%   
75     | 0.007003   | 0.086732 | 0.9783  | 97.83%   
90     | 0.005079   | 0.085532 | 0.9788  | 97.88%   
100    | 0.012881   | 0.070083 | 0.9807  | 98.07%   
110    | 0.001794   | 0.090969 | 0.9801  | 98.01%   
130    | 0.004470   | 0.076544 | 0.9800  | 98.00%   
150    | 0.004356   | 0.078532 | 0.9795  | 97.95%   
175    | 0.001928   | 0.070662 | 0.9822  | 98.22%   
200    | 0.000097   | 0.109160 | 0.9798  | 97.98%   
250    | 0.001156   | 0.074830 | 0.9824  | 98.24%   
300    | 0.000031   | 0.105100 | 0.9826  | 98.26%   

Tabela (posortowana po val_acc ↓):
hidden | train_loss | val_loss | val_acc | val_acc_%
----------------------------------------------------
300    | 0.000031   | 0.105100 | 0.9826  | 98.26%   
250    | 0.001156   | 0.074830 | 0.9824  | 98.24%   
175    | 0.001928   | 0.070662 | 0.9822  | 98.22%   
100    | 0.012881   | 0.070083 | 0.9807  | 98.07%   
110    | 0.001794   | 0.090969 | 0.9801  | 98.01%   
130    | 0.004470   | 0.076544 | 0.9800  | 98.00%   
200    | 0.000097   | 0.109160 | 0.9798  | 97.98%   
150    | 0.004356   | 0.078532 | 0.9795  | 97.95%   
90     | 0.005079   | 0.085532 | 0.9788  | 97.88%   
75     | 0.007003   | 0.086732 | 0.9783  | 97.83%   
50     | 0.026360   | 0.085119 | 0.9762  | 97.62%   
20     | 0.089359   | 0.136123 | 0.9633  | 96.33%   

Tabela (posortowana po val_loss ↓):
hidden | train_loss | val_loss | val_acc | val_acc_%
----------------------------------------------------
20     | 0.089359   | 0.136123 | 0.9633  | 96.33%   
200    | 0.000097   | 0.109160 | 0.9798  | 97.98%   
300    | 0.000031   | 0.105100 | 0.9826  | 98.26%   
110    | 0.001794   | 0.090969 | 0.9801  | 98.01%   
75     | 0.007003   | 0.086732 | 0.9783  | 97.83%   
90     | 0.005079   | 0.085532 | 0.9788  | 97.88%   
50     | 0.026360   | 0.085119 | 0.9762  | 97.62%   
150    | 0.004356   | 0.078532 | 0.9795  | 97.95%   
130    | 0.004470   | 0.076544 | 0.9800  | 98.00%   
250    | 0.001156   | 0.074830 | 0.9824  | 98.24%   
175    | 0.001928   | 0.070662 | 0.9822  | 98.22%   
100    | 0.012881   | 0.070083 | 0.9807  | 98.07%   