Wpływ rozmiaru warstwy ukrytej na metryki modelu mnist na zbiorze mnist
-----------------------------------------------------------------------
Tabela (oryginalna kolejność):
hidden | train_loss | val_loss | val_acc | val_acc_%
----------------------------------------------------
500    | 0.000494   | 0.070795 | 0.9839  | 98.39%   
750    | 0.000032   | 0.086414 | 0.9835  | 98.35%   
1000   | 0.000046   | 0.085519 | 0.9839  | 98.39%   
1500   | 0.000077   | 0.078888 | 0.9844  | 98.44%   
2000   | 0.000147   | 0.074267 | 0.9834  | 98.34%   
3000   | 0.000440   | 0.063430 | 0.9845  | 98.45%   
5000   | 0.001590   | 0.059876 | 0.9838  | 98.38%   
7500   | 0.000037   | 0.078694 | 0.9838  | 98.38%   
10000  | 0.000472   | 0.065759 | 0.9839  | 98.39%   
20000  | 0.000237   | 0.070783 | 0.9831  | 98.31%   
50000  | 0.000024   | 0.082744 | 0.9832  | 98.32%   
100000 | 0.000487   | 0.069884 | 0.9828  | 98.28%   

Tabela (posortowana po val_acc ↓):
hidden | train_loss | val_loss | val_acc | val_acc_%
----------------------------------------------------
3000   | 0.000440   | 0.063430 | 0.9845  | 98.45%   
1500   | 0.000077   | 0.078888 | 0.9844  | 98.44%   
500    | 0.000494   | 0.070795 | 0.9839  | 98.39%   
1000   | 0.000046   | 0.085519 | 0.9839  | 98.39%   
10000  | 0.000472   | 0.065759 | 0.9839  | 98.39%   
5000   | 0.001590   | 0.059876 | 0.9838  | 98.38%   
7500   | 0.000037   | 0.078694 | 0.9838  | 98.38%   
750    | 0.000032   | 0.086414 | 0.9835  | 98.35%   
2000   | 0.000147   | 0.074267 | 0.9834  | 98.34%   
50000  | 0.000024   | 0.082744 | 0.9832  | 98.32%   
20000  | 0.000237   | 0.070783 | 0.9831  | 98.31%   
100000 | 0.000487   | 0.069884 | 0.9828  | 98.28%   

Tabela (posortowana po val_loss ↓):
hidden | train_loss | val_loss | val_acc | val_acc_%
----------------------------------------------------
750    | 0.000032   | 0.086414 | 0.9835  | 98.35%   
1000   | 0.000046   | 0.085519 | 0.9839  | 98.39%   
50000  | 0.000024   | 0.082744 | 0.9832  | 98.32%   
1500   | 0.000077   | 0.078888 | 0.9844  | 98.44%   
7500   | 0.000037   | 0.078694 | 0.9838  | 98.38%   
2000   | 0.000147   | 0.074267 | 0.9834  | 98.34%   
500    | 0.000494   | 0.070795 | 0.9839  | 98.39%   
20000  | 0.000237   | 0.070783 | 0.9831  | 98.31%   
100000 | 0.000487   | 0.069884 | 0.9828  | 98.28%   
10000  | 0.000472   | 0.065759 | 0.9839  | 98.39%   
3000   | 0.000440   | 0.063430 | 0.9845  | 98.45%   
5000   | 0.001590   | 0.059876 | 0.9838  | 98.38%   